# Successful Slingshot Parameters (CUDA GPU Version)
# Format: Vx(m/s), Vy(m/s), Speed(m/s), HitTime(steps)
# Target: [4e7, 3e7] km, Radius: 100,000 km
# Spacecraft initial position: [3e7, -2e7] km
# Grid resolution: 1 m/s step size
# GPU: NVIDIA GeForce RTX 3060 Ti
# Execution time: 1.011 seconds

 -4000,   2828,    4899,  62
 -3988,   2833,    4892,  63
 -3990,   3199,    5114,  98
 -3980,   3844,    5533,  55
 -3981,   2914,    4934,  85
 -3974,   2839,    4884,  64
 -3971,   2840,    4882,  64
 -3957,   2846,    4874,  65
 -3951,   2932,    4920,  91
 -3948,   3362,    5186,  86
 -3934,   3943,    5570,  58
 -3932,   2857,    4860,  67
 -3923,   2581,    4696,  56
 -3923,   2591,    4701,  57
 -3922,   2580,    4695,  56
 -3922,   2581,    4695,  56
 -3922,   2591,    4701,  57
 -3922,   2592,    4701,  57
 -3921,   2580,    4694,  56
 -3921,   2581,    4694,  56
 -3919,   2863,    4853,  68
 -3915,   2602,    4701,  58
 -3915,   2603,    4701,  58
 -3916,   2602,    4702,  58
 -3912,   2573,    4682,  55
 -3911,   2573,    4681,  55
 -3910,   2573,    4681,  55
 -3908,   2573,    4679,  55
 -3909,   2573,    4680,  55
 -3905,   2612,    4698,  59
 -3898,   2873,    4842,  70
 -3890,   2570,    4662,  54
 -3888,   2571,    4661,  54
 -3887,   2571,    4660,  54
 -3886,   2571,    4660,  54
 -3880,   2629,    4687,  61
 -3856,   2643,    4675,  63
 -3851,   2581,    4636,  54
 -3849,   2582,    4635,  54
 -3847,   2648,    4670,  64
 -3845,   2649,    4669,  64
 -3848,   2582,    4634,  54
 -3830,   2591,    4624,  55
 -3827,   2592,    4622,  55
 -3809,   2668,    4650,  68
 -3808,   2601,    4612,  56
 -3806,   2922,    4798,  80
 -3790,   2609,    4601,  57
 -3772,   2617,    4591,  58
 -3769,   2689,    4630,  73
 -3754,   2625,    4581,  59
 -3753,   2955,    4777,  87
 -3741,   2704,    4616,  77
 -3738,   2632,    4572,  60
 -3730,   2710,    4611,  79
 -3722,   2639,    4563,  61
 -3709,   2645,    4556,  62
 -3712,   2720,    4602,  82
 -3715,   2981,    4763,  93
 -3693,   2394,    4401,  56
 -3693,   2395,    4402,  56
 -3693,   2411,    4410,  57
 -3695,   2410,    4411,  57
 -3695,   2411,    4412,  57
 -3694,   2394,    4402,  56
 -3694,   2395,    4402,  56
 -3694,   2410,    4411,  57
 -3694,   2411,    4411,  57
 -3694,   2412,    4412,  57
 -3695,   2395,    4403,  56
 -3693,   2652,    4547,  63
 -3691,   2732,    4592,  86
 -3692,   2394,    4400,  56
 -3692,   2395,    4401,  56
 -3682,   2425,    4409,  58
 -3681,   2426,    4409,  58
 -3680,   2426,    4408,  58
 -3680,   2427,    4408,  58
 -3680,   2658,    4540,  64
 -3677,   3785,    5277,  55
 -3674,   2385,    4380,  55
 -3673,   2385,    4379,  55
 -3673,   2386,    4380,  55
 -3672,   2385,    4379,  55
 -3672,   2386,    4379,  55
 -3670,   2386,    4377,  55
 -3671,   2385,    4378,  55
 -3671,   2386,    4378,  55
 -3669,   2386,    4377,  55
 -3667,   2664,    4533,  65
 -3664,   2438,    4401,  59
 -3663,   2439,    4401,  59
 -3650,   3823,    5286,  49
 -3644,   2675,    4520,  67
 -3647,   2448,    4392,  60
 -3652,   3902,    5344,  76
 -3637,   2387,    4350,  54
 -3636,   2388,    4350,  54
 -3638,   2387,    4351,  54
 -3639,   2387,    4352,  54
 -3639,   3824,    5279,  49
 -3639,   3620,    5133,  92
 -3646,   2449,    4392,  60
 -3635,   2388,    4349,  54
 -3619,   3809,    5254,  59
 -3615,   2465,    4375,  62
 -3611,   3779,    5227,  70
 -3604,   2395,    4327,  53
 -3602,   2396,    4326,  53
 -3600,   2397,    4325,  53
 -3600,   2697,    4498,  71
 -3598,   2698,    4497,  71
 -3580,   2408,    4314,  54
 -3578,   2483,    4355,  65
 -3578,   2409,    4313,  54
 -3559,   2419,    4303,  55
 -3547,   2498,    4338,  68
 -3539,   2429,    4292,  56
 -3537,   2732,    4469,  78
 -3520,   2438,    4282,  57
 -3505,   2826,    4502,  80
 -3504,   2446,    4273,  58
 -3501,   2447,    4271,  58
 -3495,   2234,    4148,  57
 -3495,   2235,    4149,  57
 -3495,   2236,    4149,  57
 -3495,   2237,    4150,  57
 -3494,   2238,    4149,  57
 -3494,   2234,    4147,  57
 -3494,   2235,    4148,  57
 -3494,   2236,    4148,  57
 -3494,   2237,    4149,  57
 -3487,   2454,    4264,  59
 -3491,   2526,    4309,  75
 -3493,   2235,    4147,  57
 -3493,   2236,    4147,  57
 -3493,   2237,    4148,  57
 -3493,   2238,    4148,  57
 -3482,   2212,    4125,  56
 -3481,   2212,    4124,  56
 -3481,   2213,    4125,  56
 -3478,   2211,    4121,  56
 -3478,   2212,    4122,  56
 -3478,   2213,    4122,  56
 -3480,   2211,    4123,  56
 -3480,   2212,    4124,  56
 -3480,   2213,    4124,  56
 -3479,   2211,    4122,  56
 -3479,   2212,    4123,  56
 -3479,   2213,    4123,  56
 -3477,   2211,    4120,  56
 -3477,   2212,    4121,  56
 -3476,   2211,    4120,  56
 -3476,   2212,    4120,  56
 -3475,   2211,    4119,  56
 -3475,   2212,    4119,  56
 -3469,   2261,    4141,  58
 -3469,   2262,    4141,  58
 -3470,   2462,    4255,  60
 -3470,   2261,    4142,  58
 -3471,   2260,    4142,  58
 -3467,   2263,    4140,  58
 -3468,   2262,    4140,  58
 -3455,   2469,    4247,  61
 -3456,   2784,    4438,  89
 -3442,   2277,    4127,  59
 -3440,   2278,    4126,  59
 -3437,   2209,    4086,  55
 -3434,   2209,    4083,  55
 -3434,   2210,    4084,  55
 -3435,   2209,    4084,  55
 -3436,   2209,    4085,  55
 -3431,   2210,    4081,  55
 -3433,   2209,    4082,  55
 -3433,   2210,    4083,  55
 -3432,   2210,    4082,  55
 -3428,   2482,    4232,  63
 -3426,   2483,    4231,  63
 -3419,   2288,    4114,  60
 -3420,   2810,    4426,  95
 -3417,   2289,    4113,  60
 -3406,   2573,    4269,  90
 -3399,   2496,    4217,  65
 -3397,   2298,    4101,  61
 -3391,   2219,    4053,  54
 -3391,   2220,    4053,  54
 -3393,   2219,    4054,  54
 -3392,   2219,    4053,  54
 -3390,   2220,    4052,  54
 -3389,   2220,    4051,  54
 -3391,   2582,    4262,  93
 -3388,   2221,    4051,  54
 -3385,   3573,    4922,  87
 -3379,   2306,    4091,  62
 -3355,   2233,    4030,  53
 -3348,   3569,    4894,  59
 -3345,   2524,    4190,  70
 -3343,   2525,    4189,  70
 -3334,   2246,    4020,  54
 -3333,   2246,    4019,  54
 -3338,   2324,    4067,  65
 -3336,   3635,    4934,  50
 -3324,   3606,    4904,  53
 -3314,   2541,    4176,  73
 -3312,   2258,    4008,  55
 -3310,   2259,    4007,  55
 -3306,   2044,    3887,  57
 -3306,   2045,    3887,  57
 -3306,   2046,    3888,  57
 -3305,   2339,    4049,  68
 -3305,   2044,    3886,  57
 -3305,   2045,    3887,  57
 -3305,   2046,    3887,  57
 -3304,   2043,    3885,  57
 -3304,   2044,    3885,  57
 -3304,   2045,    3886,  57
 -3304,   2046,    3886,  57
 -3303,   2042,    3883,  57
 -3303,   2043,    3884,  57
 -3303,   2044,    3884,  57
 -3303,   2045,    3885,  57
 -3303,   2046,    3885,  57
 -3302,   2042,    3882,  57
 -3302,   2043,    3883,  57
 -3302,   2044,    3883,  57
 -3302,   2045,    3884,  57
 -3301,   2042,    3882,  57
 -3301,   2043,    3882,  57
 -3301,   2044,    3883,  57
 -3301,   2045,    3883,  57
 -3300,   2041,    3880,  57
 -3300,   2042,    3881,  57
 -3300,   2043,    3881,  57
 -3300,   2044,    3882,  57
 -3300,   2045,    3882,  57
 -3299,   2041,    3879,  57
 -3299,   2042,    3880,  57
 -3299,   2043,    3880,  57
 -3299,   2044,    3881,  57
 -3298,   2041,    3878,  57
 -3298,   2042,    3879,  57
 -3298,   2043,    3880,  57
 -3298,   2044,    3880,  57
 -3297,   2041,    3878,  57
 -3297,   2042,    3878,  57
 -3297,   2043,    3879,  57
 -3296,   2041,    3877,  57
 -3296,   2042,    3877,  57
 -3291,   2269,    3997,  56
 -3285,   2106,    3902,  58
 -3286,   2105,    3902,  58
 -3284,   2106,    3901,  58
 -3284,   2107,    3902,  58
 -3282,   2107,    3900,  58
 -3282,   2108,    3901,  58
 -3283,   2107,    3901,  58
 -3281,   2108,    3900,  58
 -3280,   2108,    3899,  58
 -3280,   2109,    3900,  58
 -3279,   2109,    3899,  58
 -3278,   2110,    3898,  58
 -3277,   2110,    3898,  58
 -3274,   2278,    3989,  57
 -3272,   2279,    3987,  57
 -3269,   2356,    4030,  72
 -3239,   2037,    3826,  56
 -3239,   2371,    4014,  76
 -3239,   2296,    3970,  59
 -3236,   2128,    3873,  59
 -3237,   2128,    3874,  59
 -3236,   2037,    3824,  56
 -3236,   2038,    3824,  56
 -3238,   2037,    3825,  56
 -3238,   2038,    3826,  56
 -3237,   2037,    3825,  56
 -3237,   2038,    3825,  56
 -3234,   2037,    3822,  56
 -3234,   2038,    3823,  56
 -3234,   2039,    3823,  56
 -3234,   2129,    3872,  59
 -3235,   2037,    3823,  56
 -3235,   2038,    3823,  56
 -3233,   2038,    3822,  56
 -3233,   2039,    3822,  56
 -3235,   2129,    3873,  59
 -3231,   2039,    3821,  56
 -3232,   2130,    3871,  59
 -3232,   2038,    3821,  56
 -3232,   2039,    3821,  56
 -3225,   3065,    4449,  82
 -3223,   2304,    3962,  60
 -3213,   2638,    4157,  98
 -3209,   2311,    3955,  61
 -3206,   2140,    3855,  60
 -3203,   2141,    3853,  60
 -3193,   2319,    3946,  62
 -3189,   2052,    3792,  55
 -3187,   2052,    3790,  55
 -3187,   2053,    3791,  55
 -3188,   2052,    3791,  55
 -3185,   2053,    3789,  55
 -3185,   2054,    3790,  55
 -3184,   2054,    3789,  55
 -3182,   2149,    3840,  61
 -3186,   2053,    3790,  55
 -3179,   2326,    3939,  63
 -3180,   2150,    3839,  61
 -3164,   2412,    3979,  89
 -3158,   2644,    4119,  95
 -3159,   2158,    3826,  62
 -3155,   1948,    3708,  58
 -3153,   1949,    3707,  58
 -3153,   1950,    3707,  58
 -3152,   1949,    3706,  58
 -3152,   1950,    3706,  58
 -3152,   1951,    3707,  58
 -3154,   1949,    3708,  58
 -3149,   1951,    3704,  58
 -3149,   1952,    3705,  58
 -3149,   1953,    3705,  58
 -3150,   1951,    3705,  58
 -3150,   1952,    3706,  58
 -3149,   2070,    3768,  54
 -3150,   2070,    3769,  54
 -3151,   1950,    3706,  58
 -3151,   1951,    3706,  58
 -3151,   1952,    3707,  58
 -3148,   2071,    3768,  54
 -3148,   1952,    3704,  58
 -3148,   1953,    3705,  58
 -3146,   1954,    3703,  58
 -3146,   1955,    3704,  58
 -3147,   2071,    3767,  54
 -3146,   1953,    3703,  58
 -3146,   2072,    3767,  54
 -3147,   1952,    3703,  58
 -3147,   1953,    3704,  58
 -3147,   1954,    3704,  58
 -3145,   1953,    3702,  58
 -3145,   1954,    3703,  58
 -3145,   1955,    3703,  58
 -3142,   1955,    3701,  58
 -3142,   1956,    3701,  58
 -3142,   1957,    3702,  58
 -3143,   1955,    3701,  58
 -3143,   1956,    3702,  58
 -3144,   1954,    3702,  58
 -3144,   1955,    3702,  58
 -3144,   1956,    3703,  58
 -3141,   1957,    3701,  58
 -3139,   1957,    3699,  58
 -3139,   1958,    3700,  58
 -3141,   1956,    3700,  58
 -3140,   1956,    3699,  58
 -3140,   1957,    3700,  58
 -3140,   1958,    3700,  58
 -3138,   1957,    3698,  58
 -3138,   1958,    3699,  58
 -3138,   1959,    3699,  58
 -3137,   1958,    3698,  58
 -3137,   1959,    3698,  58
 -3135,   1959,    3697,  58
 -3135,   1960,    3697,  58
 -3136,   1958,    3697,  58
 -3136,   1959,    3698,  58
 -3136,   1960,    3698,  58
 -3134,   1959,    3696,  58
 -3134,   1960,    3696,  58
 -3134,   1961,    3697,  58
 -3133,   1960,    3696,  58
 -3133,   1961,    3696,  58
 -3132,   1960,    3695,  58
 -3132,   1961,    3695,  58
 -3132,   1962,    3696,  58
 -3131,   2351,    3915,  67
 -3131,   1961,    3694,  58
 -3131,   1962,    3695,  58
 -3130,   1961,    3694,  58
 -3130,   1962,    3694,  58
 -3130,   1963,    3695,  58
 -3129,   2352,    3914,  67
 -3129,   1962,    3693,  58
 -3129,   1963,    3694,  58
 -3127,   1963,    3692,  58
 -3127,   1964,    3693,  58
 -3128,   1962,    3692,  58
 -3128,   1963,    3693,  58
 -3126,   1963,    3691,  58
 -3126,   1964,    3692,  58
 -3124,   1964,    3690,  58
 -3124,   1965,    3691,  58
 -3123,   1965,    3690,  58
 -3125,   1964,    3691,  58
 -3125,   1965,    3691,  58
 -3122,   1965,    3689,  58
 -3122,   1966,    3689,  58
 -3121,   1966,    3689,  58
 -3120,   1966,    3688,  58
 -3120,   1967,    3688,  58
 -3121,   3210,    4477,  47
 -3119,   1966,    3687,  58
 -3119,   1967,    3687,  58
 -3115,   1968,    3685,  58
 -3109,   2093,    3748,  54
 -3117,   1967,    3686,  58
 -3117,   1968,    3686,  58
 -3118,   1967,    3687,  58
 -3107,   2094,    3747,  54
 -3116,   1968,    3685,  58
 -3114,   2176,    3799,  65
 -3113,   1969,    3683,  58
 -3114,   1969,    3684,  58
 -3102,   2181,    3792,  66
 -3098,   2369,    3900,  70
 -3088,   2187,    3784,  67
 -3085,   2107,    3736,  55
 -3083,   2108,    3735,  55
 -3072,   1853,    3588,  58
 -3072,   1854,    3588,  58
 -3071,   1852,    3586,  58
 -3071,   1853,    3587,  58
 -3071,   1854,    3587,  58
 -3073,   1853,    3588,  58
 -3073,   1854,    3589,  58
 -3070,   1852,    3585,  58
 -3070,   1853,    3586,  58
 -3070,   1854,    3586,  58
 -3070,   2385,    3888,  73
 -3068,   1851,    3583,  58
 -3068,   1852,    3584,  58
 -3068,   1853,    3584,  58
 -3069,   1852,    3585,  58
 -3069,   1853,    3585,  58
 -3067,   1851,    3582,  58
 -3067,   1852,    3583,  58
 -3067,   1853,    3583,  58
 -3065,   1850,    3580,  58
 -3065,   1851,    3581,  58
 -3065,   1852,    3581,  58
 -3065,   1853,    3582,  58
 -3066,   1851,    3581,  58
 -3066,   1852,    3582,  58
 -3066,   1853,    3582,  58
 -3064,   1850,    3579,  58
 -3064,   1851,    3580,  58
 -3064,   1852,    3580,  58
 -3064,   1853,    3581,  58
 -3064,   2119,    3725,  56
 -3062,   3499,    4650,  64
 -3063,   3514,    4662,  79
 -3061,   1849,    3576,  58
 -3061,   1850,    3577,  58
 -3061,   1851,    3577,  58
 -3061,   1852,    3578,  58
 -3062,   2120,    3724,  56
 -3062,   1850,    3577,  58
 -3062,   1851,    3578,  58
 -3062,   1852,    3579,  58
 -3063,   1850,    3578,  58
 -3063,   1851,    3579,  58
 -3063,   1852,    3579,  58
 -3060,   1849,    3575,  58
 -3060,   1850,    3576,  58
 -3060,   1851,    3576,  58
 -3060,   1852,    3577,  58
 -3059,   1849,    3574,  58
 -3059,   1850,    3575,  58
 -3059,   1851,    3575,  58
 -3059,   1852,    3576,  58
 -3057,   1849,    3573,  58
 -3057,   1850,    3573,  58
 -3057,   1851,    3574,  58
 -3058,   1849,    3574,  58
 -3058,   1850,    3574,  58
 -3058,   1851,    3575,  58
 -3058,   1852,    3575,  58
 -3056,   1848,    3571,  58
 -3056,   1849,    3572,  58
 -3056,   1850,    3572,  58
 -3056,   1851,    3573,  58
 -3055,   1806,    3549,  59
 -3055,   1807,    3549,  59
 -3055,   1808,    3550,  59
 -3056,   3380,    4557,  61
 -3055,   1848,    3570,  58
 -3055,   1849,    3571,  58
 -3055,   1850,    3571,  58
 -3055,   1851,    3572,  58
 -3054,   1805,    3548,  59
 -3054,   1806,    3548,  59
 -3054,   1807,    3549,  59
 -3054,   1808,    3549,  59
 -3054,   1809,    3550,  59
 -3054,   1848,    3570,  58
 -3054,   1849,    3570,  58
 -3054,   1850,    3571,  58
 -3054,   1851,    3571,  58
 -3053,   1848,    3569,  58
 -3053,   1849,    3569,  58
 -3053,   1850,    3570,  58
 -3053,   1805,    3547,  59
 -3053,   1806,    3547,  59
 -3053,   1807,    3548,  59
 -3053,   1808,    3548,  59
 -3053,   1809,    3549,  59
 -3053,   1810,    3549,  59
 -3053,   1804,    3546,  59
 -3052,   1848,    3568,  58
 -3052,   1849,    3568,  58
 -3052,   1850,    3569,  58
 -3052,   1803,    3545,  59
 -3052,   1804,    3545,  59
 -3052,   1805,    3546,  59
 -3052,   1806,    3546,  59
 -3052,   1807,    3547,  59
 -3052,   1808,    3547,  59
 -3052,   1809,    3548,  59
 -3052,   1810,    3548,  59
 -3051,   1803,    3544,  59
 -3051,   1804,    3544,  59
 -3051,   1805,    3545,  59
 -3051,   1806,    3545,  59
 -3051,   1807,    3546,  59
 -3051,   1808,    3546,  59
 -3051,   1809,    3547,  59
 -3051,   1810,    3547,  59
 -3051,   1848,    3567,  58
 -3051,   1849,    3568,  58
 -3051,   1850,    3568,  58
 -3050,   1803,    3543,  59
 -3050,   1804,    3544,  59
 -3050,   1805,    3544,  59
 -3050,   1806,    3545,  59
 -3050,   1807,    3545,  59
 -3050,   1808,    3546,  59
 -3050,   1809,    3546,  59
 -3050,   1810,    3547,  59
 -3050,   1847,    3566,  58
 -3050,   1848,    3566,  58
 -3050,   1849,    3567,  58
 -3050,   1850,    3567,  58
 -3049,   1847,    3565,  58
 -3049,   1848,    3565,  58
 -3049,   1849,    3566,  58
 -3049,   1850,    3566,  58
 -3048,   1808,    3544,  59
 -3048,   1809,    3544,  59
 -3048,   1810,    3545,  59
 -3048,   1804,    3542,  59
 -3048,   1805,    3542,  59
 -3048,   1806,    3543,  59
 -3048,   1807,    3543,  59
 -3048,   1847,    3564,  58
 -3048,   1848,    3564,  58
 -3048,   1849,    3565,  58
 -3049,   1803,    3542,  59
 -3049,   1804,    3543,  59
 -3049,   1805,    3543,  59
 -3049,   1806,    3544,  59
 -3049,   1807,    3544,  59
 -3049,   1808,    3545,  59
 -3049,   1809,    3545,  59
 -3049,   1810,    3546,  59
 -3047,   1804,    3541,  59
 -3047,   1805,    3542,  59
 -3047,   1806,    3542,  59
 -3047,   1807,    3543,  59
 -3047,   1808,    3543,  59
 -3047,   1809,    3544,  59
 -3046,   1847,    3562,  58
 -3046,   1848,    3563,  58
 -3046,   1849,    3563,  58
 -3046,   1806,    3541,  59
 -3046,   1807,    3542,  59
 -3046,   1808,    3542,  59
 -3046,   2129,    3716,  57
 -3046,   1990,    3638,  59
 -3047,   1847,    3563,  58
 -3047,   1848,    3564,  58
 -3047,   1849,    3564,  58
 -3045,   1847,    3561,  58
 -3045,   1848,    3562,  58
 -3045,   1849,    3562,  58
 -3044,   2130,    3715,  57
 -3043,   1991,    3636,  59
 -3042,   1847,    3559,  58
 -3042,   1848,    3559,  58
 -3044,   1847,    3561,  58
 -3044,   1848,    3561,  58
 -3041,   1847,    3558,  58
 -3041,   1848,    3558,  58
 -3043,   1847,    3560,  58
 -3043,   1848,    3560,  58
 -3042,   1991,    3636,  59
 -3040,   1992,    3635,  59
 -3037,   3344,    4517,  49
 -3025,   2216,    3750,  74
 -3019,   1730,    3480,  60
 -3019,   1731,    3480,  60
 -3019,   1732,    3481,  60
 -3019,   1733,    3481,  60
 -3021,   1733,    3483,  60
 -3021,   1734,    3483,  60
 -3020,   1731,    3481,  60
 -3020,   1732,    3481,  60
 -3020,   1733,    3482,  60
 -3020,   1734,    3482,  60
 -3016,   1727,    3475,  60
 -3016,   1728,    3476,  60
 -3016,   1729,    3476,  60
 -3016,   1730,    3477,  60
 -3016,   1731,    3477,  60
 -3016,   1732,    3478,  60
 -3018,   1730,    3479,  60
 -3018,   1731,    3479,  60
 -3018,   1732,    3480,  60
 -3018,   1733,    3480,  60
 -3015,   1726,    3474,  60
 -3015,   1727,    3475,  60
 -3015,   1728,    3475,  60
 -3015,   1729,    3476,  60
 -3015,   1730,    3476,  60
 -3015,   1731,    3477,  60
 -3018,   1729,    3478,  60
 -3017,   1728,    3477,  60
 -3017,   1729,    3477,  60
 -3017,   1730,    3478,  60
 -3017,   1731,    3478,  60
 -3017,   1732,    3479,  60
 -3017,   2220,    3746,  75
 -3012,   1723,    3470,  60
 -3012,   1724,    3470,  60
 -3012,   1725,    3471,  60
 -3012,   1726,    3471,  60
 -3012,   1727,    3472,  60
 -3012,   1728,    3472,  60
 -3012,   1729,    3473,  60
 -3013,   1724,    3471,  60
 -3013,   1725,    3472,  60
 -3013,   1726,    3472,  60
 -3013,   1727,    3473,  60
 -3013,   1728,    3473,  60
 -3013,   1729,    3474,  60
 -3014,   1725,    3473,  60
 -3014,   1726,    3473,  60
 -3014,   1727,    3474,  60
 -3014,   1728,    3474,  60
 -3014,   1729,    3475,  60
 -3014,   1730,    3475,  60
 -3011,   1722,    3469,  60
 -3011,   1723,    3469,  60
 -3011,   1724,    3470,  60
 -3011,   1725,    3470,  60
 -3011,   1726,    3471,  60
 -3011,   1727,    3471,  60
 -3011,   1728,    3472,  60
 -3009,   1720,    3466,  60
 -3009,   1721,    3466,  60
 -3009,   1722,    3467,  60
 -3009,   1723,    3467,  60
 -3009,   1724,    3468,  60
 -3009,   1725,    3468,  60
 -3009,   1726,    3469,  60
 -3010,   1721,    3467,  60
 -3010,   1722,    3468,  60
 -3010,   1723,    3468,  60
 -3010,   1724,    3469,  60
 -3010,   1725,    3469,  60
 -3010,   1726,    3470,  60
 -3010,   1727,    3470,  60
 -3008,   1719,    3465,  60
 -3008,   1720,    3465,  60
 -3008,   1721,    3466,  60
 -3008,   1722,    3466,  60
 -3008,   1723,    3467,  60
 -3008,   1724,    3467,  60
 -3008,   1725,    3468,  60
 -3007,   1719,    3464,  60
 -3007,   1720,    3464,  60
 -3007,   1721,    3465,  60
 -3007,   1722,    3465,  60
 -3007,   1723,    3466,  60
 -3007,   1724,    3466,  60
 -3007,   1725,    3467,  60
 -3006,   1718,    3462,  60
 -3006,   1719,    3463,  60
 -3006,   1720,    3463,  60
 -3006,   1721,    3464,  60
 -3006,   1722,    3464,  60
 -3006,   1723,    3465,  60
 -3006,   1724,    3465,  60
 -3004,   2003,    3611,  60
 -3004,   1716,    3460,  60
 -3004,   1717,    3460,  60
 -3004,   1718,    3461,  60
 -3004,   1719,    3461,  60
 -3004,   1720,    3462,  60
 -3004,   1721,    3462,  60
 -3004,   1722,    3463,  60
 -3005,   1717,    3461,  60
 -3005,   1718,    3461,  60
 -3005,   1719,    3462,  60
 -3005,   1720,    3462,  60
 -3005,   1721,    3463,  60
 -3005,   1722,    3463,  60
 -3005,   1723,    3464,  60
 -3003,   1716,    3459,  60
 -3003,   1717,    3459,  60
 -3003,   1718,    3460,  60
 -3003,   1719,    3460,  60
 -3003,   1720,    3461,  60
 -3003,   1721,    3461,  60
 -3002,   1715,    3457,  60
 -3002,   1716,    3458,  60
 -3002,   1717,    3458,  60
 -3002,   1718,    3459,  60
 -3002,   1719,    3459,  60
 -3002,   1720,    3460,  60
 -3001,   1714,    3456,  60
 -3001,   1715,    3456,  60
 -3001,   1716,    3457,  60
 -3001,   1717,    3457,  60
 -3001,   1718,    3458,  60
 -3001,   1719,    3458,  60
 -3001,   1720,    3459,  60
 -3001,   2004,    3609,  60
 -3000,   1714,    3455,  60
 -3000,   1715,    3456,  60
 -3000,   1716,    3456,  60
 -3000,   1717,    3457,  60
 -3000,   1718,    3457,  60
 -3000,   1719,    3458,  60
 -3000,   1873,    3537,  57
 -3000,   1874,    3537,  57
 -3000,   1875,    3538,  57
 -3001,   1873,    3538,  57
 -3001,   1874,    3538,  57
 -3001,   1875,    3539,  57
 -2999,   1872,    3535,  57
 -2999,   1873,    3536,  57
 -2999,   1874,    3536,  57
 -2999,   1875,    3537,  57
 -2999,   1876,    3537,  57
 -2999,   1713,    3454,  60
 -2999,   1714,    3454,  60
 -2999,   1715,    3455,  60
 -2999,   1716,    3455,  60
 -2999,   1717,    3456,  60
 -2999,   1718,    3456,  60
 -2998,   1872,    3534,  57
 -2998,   1873,    3535,  57
 -2998,   1874,    3536,  57
 -2998,   1875,    3536,  57
 -2998,   1876,    3537,  57
 -2998,   1713,    3453,  60
 -2998,   1714,    3453,  60
 -2998,   1715,    3454,  60
 -2998,   1716,    3454,  60
 -2998,   1717,    3455,  60
 -2997,   1712,    3452,  60
 -2997,   1713,    3452,  60
 -2997,   1714,    3453,  60
 -2997,   1715,    3453,  60
 -2997,   1716,    3454,  60
 -2997,   1872,    3534,  57
 -2997,   1873,    3534,  57
 -2997,   1874,    3535,  57
 -2997,   1875,    3535,  57
 -2997,   1876,    3536,  57
 -2996,   1872,    3533,  57
 -2996,   1873,    3533,  57
 -2996,   1874,    3534,  57
 -2996,   1875,    3534,  57
 -2996,   1712,    3451,  60
 -2996,   1713,    3451,  60
 -2996,   1714,    3452,  60
 -2996,   1715,    3452,  60
 -2994,   1711,    3448,  60
 -2994,   1712,    3449,  60
 -2994,   1713,    3449,  60
 -2995,   1872,    3532,  57
 -2995,   1873,    3532,  57
 -2995,   1874,    3533,  57
 -2995,   1875,    3534,  57
 -2995,   1711,    3449,  60
 -2995,   1712,    3450,  60
 -2995,   1713,    3450,  60
 -2995,   1714,    3451,  60
 -2994,   1873,    3532,  57
 -2994,   1874,    3532,  57
 -2993,   1710,    3447,  60
 -2993,   1711,    3448,  60
 -2993,   1712,    3448,  60
 -2978,   2165,    3682,  61
 -2976,   2012,    3592,  61
 -2974,   1897,    3528,  56
 -2974,   1898,    3528,  56
 -2974,   1899,    3529,  56
 -2975,   1897,    3528,  56
 -2975,   1898,    3529,  56
 -2973,   1897,    3527,  56
 -2973,   1898,    3527,  56
 -2973,   1899,    3528,  56
 -2972,   1898,    3526,  56
 -2972,   1899,    3527,  56
 -2972,   1900,    3527,  56
 -2965,   2172,    3675,  62
 -2955,   2019,    3579,  62
 -2951,   2255,    3714,  86
 -2947,   1918,    3516,  55
 -2947,   1853,    3481,  58
 -2944,   1920,    3515,  55
 -2946,   1918,    3515,  55
 -2946,   1919,    3516,  55
 -2946,   1853,    3480,  58
 -2944,   1853,    3479,  58
 -2945,   1853,    3479,  58
 -2945,   1919,    3515,  55
 -2945,   1920,    3516,  55
 -2942,   1853,    3477,  58
 -2941,   1853,    3476,  58
 -2941,   1854,    3477,  58
 -2944,   2259,    3711,  87
 -2943,   1853,    3478,  58
 -2937,   1639,    3363,  61
 -2937,   1640,    3364,  61
 -2937,   1641,    3364,  61
 -2937,   1642,    3365,  61
 -2937,   1643,    3365,  61
 -2937,   1644,    3366,  61
 -2938,   1853,    3474,  58
 -2938,   1854,    3474,  58
 -2939,   1853,    3474,  58
 -2939,   1854,    3475,  58
 -2940,   1853,    3475,  58
 -2940,   1854,    3476,  58
 -2938,   1641,    3365,  61
 -2938,   1642,    3366,  61
 -2938,   1643,    3366,  61
 -2938,   1644,    3367,  61
 -2935,   1854,    3472,  58
 -2934,   1854,    3471,  58
 -2934,   1855,    3471,  58
 -2935,   1637,    3361,  61
 -2935,   1638,    3361,  61
 -2936,   1854,    3472,  58
 -2935,   1639,    3362,  61
 -2935,   1640,    3362,  61
 -2935,   1641,    3363,  61
 -2935,   1642,    3363,  61
 -2935,   1643,    3364,  61
 -2937,   1854,    3473,  58
 -2936,   1638,    3362,  61
 -2936,   1639,    3363,  61
 -2936,   1640,    3363,  61
 -2936,   1641,    3363,  61
 -2936,   1642,    3364,  61
 -2936,   1643,    3364,  61
 -2934,   1636,    3359,  61
 -2934,   1637,    3360,  61
 -2934,   1638,    3360,  61
 -2934,   1639,    3361,  61
 -2934,   1640,    3361,  61
 -2934,   1641,    3362,  61
 -2934,   1642,    3362,  61
 -2931,   1634,    3356,  61
 -2933,   1635,    3358,  61
 -2933,   1636,    3358,  61
 -2933,   1637,    3359,  61
 -2933,   1638,    3359,  61
 -2933,   1639,    3360,  61
 -2933,   1640,    3360,  61
 -2933,   1641,    3361,  61
 -2933,   1642,    3361,  61
 -2933,   1854,    3470,  58
 -2933,   1855,    3470,  58
 -2932,   1854,    3469,  58
 -2932,   1855,    3470,  58
 -2931,   1854,    3468,  58
 -2931,   1855,    3469,  58
 -2932,   1634,    3357,  61
 -2932,   1635,    3357,  61
 -2932,   1636,    3358,  61
 -2932,   1637,    3358,  61
 -2932,   1638,    3359,  61
 -2932,   1639,    3359,  61
 -2932,   1640,    3359,  61
 -2932,   1641,    3360,  61
 -2931,   1635,    3356,  61
 -2931,   1636,    3357,  61
 -2931,   1637,    3357,  61
 -2931,   1638,    3358,  61
 -2931,   1639,    3358,  61
 -2931,   1640,    3359,  61
 -2930,   1633,    3354,  61
 -2930,   1634,    3355,  61
 -2930,   1635,    3355,  61
 -2930,   1636,    3356,  61
 -2930,   1637,    3356,  61
 -2930,   1638,    3357,  61
 -2930,   1639,    3357,  61
 -2930,   1854,    3467,  58
 -2930,   1855,    3468,  58
 -2928,   1632,    3352,  61
 -2928,   1633,    3353,  61
 -2928,   1634,    3353,  61
 -2928,   1635,    3354,  61
 -2928,   1636,    3354,  61
 -2928,   1637,    3355,  61
 -2929,   1633,    3353,  61
 -2929,   1634,    3354,  61
 -2929,   1635,    3354,  61
 -2929,   1636,    3355,  61
 -2929,   1637,    3355,  61
 -2929,   1638,    3356,  61
 -2929,   1855,    3467,  58
 -2928,   1855,    3466,  58
 -2927,   1632,    3351,  61
 -2927,   1633,    3352,  61
 -2927,   1634,    3352,  61
 -2927,   1635,    3353,  61
 -2926,   1633,    3351,  61
 -2927,   1855,    3465,  58
 -2925,   1855,    3464,  58
 -2925,   1856,    3464,  58
 -2926,   1855,    3464,  58
 -2923,   1856,    3462,  58
 -2924,   1856,    3463,  58
 -2922,   1856,    3462,  58
 -2921,   1856,    3461,  58
 -2919,   1937,    3503,  54
 -2920,   1936,    3503,  54
 -2918,   1937,    3502,  54
 -2919,   2032,    3557,  64
 -2917,   1938,    3502,  54
 -2902,   1948,    3495,  54
 -2900,   1949,    3494,  54
 -2901,   1949,    3495,  54
 -2899,   1950,    3494,  54
 -2891,   2043,    3540,  66
 -2889,   2213,    3639,  68
 -2877,   1964,    3483,  55
 -2875,   1965,    3482,  55
 -2869,   1558,    3265,  62
 -2869,   1559,    3265,  62
 -2867,   1555,    3262,  62
 -2867,   1556,    3262,  62
 -2867,   1557,    3263,  62
 -2867,   1558,    3263,  62
 -2867,   1559,    3263,  62
 -2868,   1556,    3263,  62
 -2868,   1557,    3263,  62
 -2868,   1558,    3264,  62
 -2868,   1559,    3264,  62
 -2863,   1551,    3256,  62
 -2863,   1552,    3257,  62
 -2863,   1553,    3257,  62
 -2863,   1554,    3258,  62
 -2863,   1555,    3258,  62
 -2863,   1556,    3259,  62
 -2863,   1557,    3259,  62
 -2862,   1550,    3255,  62
 -2862,   1551,    3255,  62
 -2862,   1552,    3256,  62
 -2862,   1553,    3256,  62
 -2862,   1554,    3257,  62
 -2862,   1555,    3257,  62
 -2862,   1556,    3258,  62
 -2865,   1553,    3259,  62
 -2865,   1554,    3259,  62
 -2865,   1555,    3260,  62
 -2865,   1556,    3260,  62
 -2865,   1557,    3261,  62
 -2865,   1558,    3261,  62
 -2866,   1554,    3260,  62
 -2866,   1555,    3261,  62
 -2866,   1556,    3261,  62
 -2866,   1557,    3262,  62
 -2866,   1558,    3262,  62
 -2864,   1552,    3257,  62
 -2864,   1553,    3258,  62
 -2864,   1554,    3258,  62
 -2864,   1555,    3259,  62
 -2864,   1556,    3259,  62
 -2864,   1557,    3260,  62
 -2861,   1550,    3254,  62
 -2861,   1551,    3254,  62
 -2861,   1552,    3255,  62
 -2861,   1553,    3255,  62
 -2861,   1554,    3256,  62
 -2861,   1555,    3256,  62
 -2860,   1549,    3253,  62
 -2860,   1550,    3253,  62
 -2860,   1551,    3253,  62
 -2860,   1552,    3254,  62
 -2860,   1553,    3254,  62
 -2860,   1554,    3255,  62
 -2860,   1555,    3255,  62
 -2857,   1865,    3412,  59
 -2858,   1865,    3413,  59
 -2858,   1548,    3250,  62
 -2858,   1549,    3251,  62
 -2858,   1550,    3251,  62
 -2858,   1551,    3252,  62
 -2858,   1552,    3252,  62
 -2858,   1553,    3253,  62
 -2856,   1547,    3248,  62
 -2856,   1548,    3249,  62
 -2856,   1549,    3249,  62
 -2856,   1550,    3249,  62
 -2856,   1551,    3250,  62
 -2859,   1865,    3414,  59
 -2858,   3141,    4247,  74
 -2857,   1547,    3249,  62
 -2857,   1548,    3249,  62
 -2857,   1549,    3250,  62
 -2857,   1550,    3250,  62
 -2857,   1551,    3251,  62
 -2857,   1552,    3251,  62
 -2859,   1548,    3251,  62
 -2859,   1549,    3252,  62
 -2859,   1550,    3252,  62
 -2859,   1551,    3253,  62
 -2859,   1552,    3253,  62
 -2859,   1553,    3254,  62
 -2859,   1554,    3254,  62
 -2855,   1546,    3247,  62
 -2855,   1547,    3247,  62
 -2855,   1548,    3248,  62
 -2855,   1549,    3248,  62
 -2855,   1550,    3249,  62
 -2855,   1866,    3411,  59
 -2854,   1978,    3472,  56
 -2854,   1866,    3410,  59
 -2856,   1977,    3474,  56
 -2853,   1866,    3409,  59
 -2853,   1546,    3245,  62
 -2853,   1547,    3245,  62
 -2854,   1546,    3246,  62
 -2854,   1547,    3246,  62
 -2854,   1548,    3247,  62
 -2854,   1549,    3247,  62
 -2851,   2235,    3623,  72
 -2841,   3115,    4216,  79
 -2835,   1989,    3463,  57
 -2832,   3228,    4294,  59
 -2832,   3234,    4299,  61
 -2833,   1990,    3462,  57
 -2816,   2000,    3454,  58
 -2814,   1875,    3381,  60
 -2813,   3231,    4284,  99
 -2811,   3211,    4268,  62
 -2803,   1480,    3170,  63
 -2803,   1481,    3170,  63
 -2803,   1482,    3171,  63
 -2802,   1482,    3170,  63
 -2802,   1478,    3168,  63
 -2802,   1479,    3168,  63
 -2802,   1480,    3169,  63
 -2802,   1481,    3169,  63
 -2801,   1477,    3167,  63
 -2801,   1478,    3167,  63
 -2801,   1479,    3167,  63
 -2801,   1480,    3168,  63
 -2801,   1481,    3168,  63
 -2804,   3322,    4347,  65
 -2796,   1473,    3160,  63
 -2796,   1474,    3161,  63
 -2796,   1475,    3161,  63
 -2796,   1476,    3162,  63
 -2796,   1477,    3162,  63
 -2796,   1478,    3163,  63
 -2795,   1472,    3159,  63
 -2795,   1473,    3159,  63
 -2795,   1474,    3160,  63
 -2795,   1475,    3160,  63
 -2795,   1476,    3161,  63
 -2795,   1477,    3161,  63
 -2800,   3208,    4258,  65
 -2800,   1476,    3165,  63
 -2800,   1477,    3166,  63
 -2800,   1478,    3166,  63
 -2800,   1479,    3167,  63
 -2800,   1480,    3167,  63
 -2800,   1481,    3168,  63
 -2797,   1473,    3161,  63
 -2797,   1474,    3162,  63
 -2797,   1475,    3162,  63
 -2797,   1476,    3163,  63
 -2797,   1477,    3163,  63
 -2797,   1478,    3163,  63
 -2797,   1479,    3164,  63
 -2799,   1475,    3164,  63
 -2799,   1476,    3164,  63
 -2799,   1477,    3165,  63
 -2799,   1478,    3165,  63
 -2799,   1479,    3166,  63
 -2799,   1480,    3166,  63
 -2798,   1478,    3164,  63
 -2798,   1479,    3165,  63
 -2798,   1480,    3165,  63
 -2798,   1474,    3163,  63
 -2798,   1475,    3163,  63
 -2798,   1476,    3163,  63
 -2798,   1477,    3164,  63
 -2794,   3167,    4223,  73
 -2794,   3215,    4259,  59
 -2794,   1471,    3158,  63
 -2794,   1472,    3158,  63
 -2794,   1473,    3159,  63
 -2794,   1474,    3159,  63
 -2794,   1475,    3159,  63
 -2794,   1476,    3160,  63
 -2793,   1470,    3156,  63
 -2793,   1471,    3157,  63
 -2793,   1472,    3157,  63
 -2793,   1473,    3158,  63
 -2793,   1474,    3158,  63
 -2793,   1475,    3159,  63
 -2792,   1470,    3155,  63
 -2792,   1471,    3156,  63
 -2792,   1472,    3156,  63
 -2792,   1473,    3157,  63
 -2792,   1474,    3157,  63
 -2791,   1469,    3154,  63
 -2791,   1470,    3154,  63
 -2791,   1471,    3155,  63
 -2791,   1472,    3155,  63
 -2791,   1473,    3156,  63
 -2790,   1470,    3154,  63
 -2790,   1471,    3154,  63
 -2790,   1472,    3155,  63
 -2790,   1469,    3153,  63
 -2789,   1469,    3152,  63
 -2789,   1470,    3153,  63
 -2789,   1471,    3153,  63
 -2786,   3187,    4233,  53
 -2785,   3214,    4253,  57
 -2784,   1883,    3361,  61
 -2781,   2019,    3437,  60
 -2776,   2625,    3821,  59
 -2774,   3180,    4220,  83
 -2761,   1890,    3346,  62
 -2758,   1891,    3344,  62
 -2752,   2035,    3423,  62
 -2750,   2036,    3422,  62
 -2747,   1762,    3264,  57
 -2747,   1763,    3264,  57
 -2746,   1762,    3263,  57
 -2746,   1763,    3263,  57
 -2745,   1761,    3261,  57
 -2745,   1762,    3262,  57
 -2745,   1763,    3262,  57
 -2744,   1761,    3260,  57
 -2744,   1762,    3261,  57
 -2745,   2304,    3584,  86
 -2742,   1780,    3269,  56
 -2742,   1781,    3270,  56
 -2741,   1780,    3268,  56
 -2741,   1781,    3269,  56
 -2741,   1782,    3269,  56
 -2739,   1897,    3332,  63
 -2736,   1403,    3075,  64
 -2736,   1404,    3075,  64
 -2735,   1401,    3073,  64
 -2735,   1402,    3073,  64
 -2735,   1403,    3074,  64
 -2735,   1404,    3074,  64
 -2734,   1400,    3072,  64
 -2734,   1401,    3072,  64
 -2734,   1402,    3073,  64
 -2734,   1403,    3073,  64
 -2734,   1404,    3073,  64
 -2733,   1399,    3070,  64
 -2733,   1400,    3071,  64
 -2733,   1401,    3071,  64
 -2733,   1402,    3072,  64
 -2733,   1403,    3072,  64
 -2732,   1398,    3069,  64
 -2732,   1399,    3069,  64
 -2732,   1400,    3070,  64
 -2732,   1401,    3070,  64
 -2732,   1402,    3071,  64
 -2732,   1403,    3071,  64
 -2731,   1397,    3068,  64
 -2731,   1398,    3068,  64
 -2731,   1399,    3068,  64
 -2731,   1400,    3069,  64
 -2731,   1401,    3069,  64
 -2731,   1402,    3070,  64
 -2730,   1396,    3066,  64
 -2730,   1397,    3067,  64
 -2730,   1398,    3067,  64
 -2730,   1399,    3068,  64
 -2730,   1400,    3068,  64
 -2730,   1401,    3069,  64
 -2729,   1395,    3065,  64
 -2729,   1396,    3065,  64
 -2729,   1397,    3066,  64
 -2729,   1398,    3066,  64
 -2729,   1399,    3067,  64
 -2729,   1400,    3067,  64
 -2729,   1401,    3068,  64
 -2728,   1395,    3064,  64
 -2728,   1396,    3064,  64
 -2728,   1397,    3065,  64
 -2728,   1398,    3065,  64
 -2728,   1399,    3066,  64
 -2728,   1400,    3066,  64
 -2727,   1399,    3065,  64
 -2727,   1394,    3063,  64
 -2727,   1395,    3063,  64
 -2727,   1396,    3064,  64
 -2727,   1397,    3064,  64
 -2727,   1398,    3064,  64
 -2725,   1393,    3060,  64
 -2725,   1394,    3061,  64
 -2725,   1395,    3061,  64
 -2725,   1396,    3062,  64
 -2725,   1397,    3062,  64
 -2726,   1798,    3266,  55
 -2725,   2124,    3455,  88
 -2726,   1393,    3061,  64
 -2726,   1394,    3062,  64
 -2726,   1395,    3062,  64
 -2726,   1396,    3063,  64
 -2726,   1397,    3063,  64
 -2726,   1398,    3064,  64
 -2725,   1798,    3265,  55
 -2725,   1799,    3265,  55
 -2724,   1392,    3059,  64
 -2724,   1393,    3060,  64
 -2724,   1394,    3060,  64
 -2724,   1395,    3060,  64
 -2724,   1396,    3061,  64
 -2724,   1799,    3264,  55
 -2723,   1392,    3058,  64
 -2723,   1393,    3059,  64
 -2723,   1394,    3059,  64
 -2723,   1395,    3060,  64
 -2722,   1391,    3057,  64
 -2722,   1392,    3057,  64
 -2722,   1393,    3058,  64
 -2722,   1394,    3058,  64
 -2722,   1903,    3321,  64
 -2722,   1749,    3235,  58
 -2722,   1750,    3236,  58
 -2721,   1391,    3056,  64
 -2721,   1392,    3056,  64
 -2721,   1749,    3235,  58
 -2721,   1750,    3235,  58
 -2720,   1749,    3234,  58
 -2720,   1750,    3234,  58
 -2719,   1749,    3233,  58
 -2719,   1750,    3233,  58
 -2718,   1749,    3232,  58
 -2717,   1749,    3231,  58
 -2712,   2057,    3404,  65
 -2708,   1908,    3313,  65
 -2714,   2056,    3405,  65
 -2689,   2070,    3393,  67
 -2684,   1829,    3248,  55
 -2673,   1750,    3195,  59
 -2672,   1329,    2984,  65
 -2672,   1330,    2985,  65
 -2672,   1750,    3194,  59
 -2671,   1327,    2982,  65
 -2671,   1328,    2983,  65
 -2671,   1329,    2983,  65
 -2671,   1330,    2984,  65
 -2671,   1750,    3193,  59
 -2670,   1326,    2981,  65
 -2670,   1327,    2982,  65
 -2670,   1328,    2982,  65
 -2670,   1329,    2982,  65
 -2669,   1325,    2980,  65
 -2669,   1326,    2980,  65
 -2669,   1327,    2981,  65
 -2669,   1328,    2981,  65
 -2669,   1329,    2982,  65
 -2668,   1324,    2978,  65
 -2668,   1325,    2979,  65
 -2668,   1326,    2979,  65
 -2668,   1327,    2980,  65
 -2668,   1328,    2980,  65
 -2667,   1323,    2977,  65
 -2667,   1324,    2978,  65
 -2667,   1325,    2978,  65
 -2667,   1326,    2978,  65
 -2667,   1327,    2979,  65
 -2667,   1328,    2979,  65
 -2666,   1322,    2976,  65
 -2666,   1323,    2976,  65
 -2666,   1324,    2977,  65
 -2666,   1325,    2977,  65
 -2666,   1326,    2978,  65
 -2666,   1327,    2978,  65
 -2665,   1321,    2974,  65
 -2665,   1322,    2975,  65
 -2665,   1323,    2975,  65
 -2665,   1324,    2976,  65
 -2665,   1325,    2976,  65
 -2665,   1326,    2977,  65
 -2664,   1320,    2973,  65
 -2664,   1321,    2974,  65
 -2664,   1322,    2974,  65
 -2664,   1323,    2974,  65
 -2664,   1324,    2975,  65
 -2664,   1325,    2975,  65
 -2664,   1326,    2976,  65
 -2663,   1320,    2972,  65
 -2663,   1321,    2973,  65
 -2663,   1322,    2973,  65
 -2663,   1323,    2974,  65
 -2663,   1324,    2974,  65
 -2663,   1325,    2974,  65
 -2662,   1319,    2971,  65
 -2662,   1320,    2971,  65
 -2662,   1321,    2972,  65
 -2662,   1322,    2972,  65
 -2662,   1323,    2973,  65
 -2662,   1324,    2973,  65
 -2661,   1318,    2970,  65
 -2661,   1319,    2970,  65
 -2661,   1320,    2970,  65
 -2661,   1321,    2971,  65
 -2661,   1322,    2971,  65
 -2661,   1323,    2972,  65
 -2661,   1844,    3237,  56
 -2660,   1318,    2969,  65
 -2660,   1319,    2969,  65
 -2660,   1320,    2970,  65
 -2660,   1321,    2970,  65
 -2660,   1322,    2970,  65
 -2659,   1317,    2967,  65
 -2659,   1318,    2968,  65
 -2659,   1319,    2968,  65
 -2659,   1320,    2969,  65
 -2659,   1321,    2969,  65
 -2659,   1845,    3236,  56
 -2658,   1317,    2966,  65
 -2658,   1318,    2967,  65
 -2658,   1319,    2967,  65
 -2658,   1320,    2968,  65
 -2657,   1317,    2965,  65
 -2657,   1318,    2966,  65
 -2640,   1857,    3228,  57
 -2638,   1858,    3227,  57
 -2636,   1755,    3167,  60
 -2634,   2491,    3625,  64
 -2633,   1756,    3165,  60
 -2632,   1756,    3164,  60
 -2630,   2105,    3369,  73
 -2622,   2110,    3366,  74
 -2620,   1945,    3263,  73
 -2607,   1253,    2892,  66
 -2607,   1254,    2893,  66
 -2607,   1255,    2893,  66
 -2607,   1256,    2894,  66
 -2607,   1257,    2894,  66
 -2609,   1256,    2896,  66
 -2609,   1257,    2896,  66
 -2608,   1255,    2894,  66
 -2608,   1256,    2895,  66
 -2608,   1257,    2895,  66
 -2604,   1250,    2888,  66
 -2604,   1251,    2889,  66
 -2604,   1252,    2889,  66
 -2604,   1253,    2890,  66
 -2604,   1254,    2890,  66
 -2604,   1255,    2891,  66
 -2605,   1251,    2890,  66
 -2605,   1252,    2890,  66
 -2605,   1253,    2891,  66
 -2605,   1254,    2891,  66
 -2605,   1255,    2892,  66
 -2605,   1256,    2892,  66
 -2606,   1254,    2892,  66
 -2606,   1255,    2892,  66
 -2606,   1256,    2893,  66
 -2606,   1252,    2891,  66
 -2606,   1253,    2892,  66
 -2604,   1762,    3144,  61
 -2603,   1249,    2887,  66
 -2603,   1250,    2888,  66
 -2603,   1251,    2888,  66
 -2603,   1252,    2888,  66
 -2603,   1253,    2889,  66
 -2603,   1254,    2889,  66
 -2602,   1250,    2887,  66
 -2602,   1251,    2887,  66
 -2602,   1252,    2888,  66
 -2602,   1253,    2888,  66
 -2602,   1254,    2888,  66
 -2602,   1249,    2886,  66
 -2601,   1248,    2885,  66
 -2601,   1249,    2885,  66
 -2601,   1250,    2886,  66
 -2601,   1251,    2886,  66
 -2601,   1252,    2887,  66
 -2601,   1253,    2887,  66
 -2600,   1247,    2884,  66
 -2600,   1248,    2884,  66
 -2600,   1249,    2884,  66
 -2600,   1250,    2885,  66
 -2600,   1251,    2885,  66
 -2600,   1252,    2886,  66
 -2601,   1763,    3142,  61
 -2598,   1246,    2881,  66
 -2598,   1247,    2882,  66
 -2598,   1248,    2882,  66
 -2598,   1249,    2883,  66
 -2598,   1250,    2883,  66
 -2599,   1247,    2883,  66
 -2599,   1248,    2883,  66
 -2599,   1249,    2884,  66
 -2599,   1250,    2884,  66
 -2599,   1251,    2884,  66
 -2597,   1245,    2880,  66
 -2597,   1246,    2880,  66
 -2597,   1247,    2881,  66
 -2597,   1248,    2881,  66
 -2597,   1249,    2882,  66
 -2596,   1245,    2879,  66
 -2596,   1246,    2880,  66
 -2596,   1247,    2880,  66
 -2596,   1248,    2880,  66
 -2595,   1245,    2878,  66
 -2595,   1246,    2879,  66
 -2595,   1247,    2879,  66
 -2594,   1245,    2877,  66
 -2586,   2471,    3577,  65
 -2585,   1889,    3202,  60
 -2578,   1769,    3127,  62
 -2570,   2959,    3919,  68
 -2569,   1898,    3194,  61
 -2567,   2146,    3346,  81
 -2561,   3172,    4077,  72
 -2553,   1979,    3230,  83
 -2548,   1186,    2810,  67
 -2548,   1187,    2811,  67
 -2547,   1187,    2810,  67
 -2547,   1184,    2809,  67
 -2547,   1185,    2809,  67
 -2547,   1186,    2810,  67
 -2547,   2160,    3340,  84
 -2546,   1183,    2807,  67
 -2546,   1184,    2808,  67
 -2546,   1185,    2808,  67
 -2546,   1186,    2809,  67
 -2545,   1182,    2806,  67
 -2545,   1183,    2807,  67
 -2545,   1184,    2807,  67
 -2545,   1185,    2807,  67
 -2545,   1186,    2808,  67
 -2544,   1181,    2805,  67
 -2544,   1182,    2805,  67
 -2544,   1183,    2806,  67
 -2544,   1184,    2806,  67
 -2544,   1185,    2806,  67
 -2543,   1183,    2805,  67
 -2543,   1184,    2805,  67
 -2543,   1185,    2806,  67
 -2543,   1180,    2803,  67
 -2543,   1181,    2804,  67
 -2543,   1182,    2804,  67
 -2542,   1179,    2802,  67
 -2542,   1180,    2803,  67
 -2542,   1181,    2803,  67
 -2542,   1182,    2803,  67
 -2542,   1183,    2804,  67
 -2542,   1184,    2804,  67
 -2541,   1178,    2801,  67
 -2541,   1179,    2801,  67
 -2541,   1180,    2802,  67
 -2541,   1181,    2802,  67
 -2541,   1182,    2802,  67
 -2541,   1183,    2803,  67
 -2540,   1178,    2800,  67
 -2540,   1179,    2800,  67
 -2540,   1180,    2801,  67
 -2540,   1181,    2801,  67
 -2540,   1182,    2802,  67
 -2540,   3017,    3944,  59
 -2539,   1179,    2799,  67
 -2539,   1180,    2800,  67
 -2539,   1181,    2800,  67
 -2539,   1182,    2801,  67
 -2539,   1781,    3101,  64
 -2539,   1177,    2799,  67
 -2539,   1178,    2799,  67
 -2539,   1656,    3031,  57
 -2539,   1657,    3032,  57
 -2537,   1176,    2796,  67
 -2537,   1177,    2797,  67
 -2537,   1178,    2797,  67
 -2537,   1179,    2798,  67
 -2537,   1180,    2798,  67
 -2538,   1656,    3030,  57
 -2538,   1657,    3031,  57
 -2538,   1176,    2797,  67
 -2538,   1177,    2798,  67
 -2538,   1178,    2798,  67
 -2538,   1179,    2798,  67
 -2538,   1180,    2799,  67
 -2538,   1181,    2799,  67
 -2536,   1175,    2795,  67
 -2536,   1176,    2795,  67
 -2536,   1177,    2796,  67
 -2536,   1178,    2796,  67
 -2536,   1179,    2797,  67
 -2535,   1175,    2794,  67
 -2535,   1176,    2794,  67
 -2535,   1177,    2795,  67
 -2535,   1178,    2795,  67
 -2534,   1174,    2793,  67
 -2534,   1175,    2793,  67
 -2534,   1176,    2794,  67
 -2535,   1671,    3036,  56
 -2535,   1672,    3037,  56
 -2535,   3014,    3938,  92
 -2526,   1645,    3014,  58
 -2525,   1645,    3014,  58
 -2524,   1645,    3013,  58
 -2523,   1645,    3012,  58
 -2522,   1687,    3034,  55
 -2521,   1688,    3034,  55
 -2516,   1928,    3170,  65
 -2508,   1792,    3082,  66
 -2507,   1699,    3028,  55
 -2506,   1700,    3028,  55
 -2502,   1936,    3164,  66
 -2493,   1642,    2985,  59
 -2490,   1943,    3158,  67
 -2489,   1117,    2728,  68
 -2489,   1118,    2729,  68
 -2488,   1116,    2727,  68
 -2488,   1117,    2727,  68
 -2488,   1118,    2728,  68
 -2488,   2577,    3582,  85
 -2487,   1115,    2726,  68
 -2487,   1116,    2726,  68
 -2487,   1117,    2726,  68
 -2487,   1118,    2727,  68
 -2486,   1114,    2724,  68
 -2486,   1115,    2725,  68
 -2486,   1116,    2725,  68
 -2486,   1117,    2725,  68
 -2486,   1118,    2726,  68
 -2485,   1113,    2723,  68
 -2485,   1114,    2723,  68
 -2485,   1115,    2724,  68
 -2485,   1116,    2724,  68
 -2485,   1117,    2725,  68
 -2484,   1112,    2722,  68
 -2484,   1113,    2722,  68
 -2484,   1114,    2722,  68
 -2484,   1115,    2723,  68
 -2484,   1116,    2723,  68
 -2483,   1111,    2720,  68
 -2483,   1112,    2721,  68
 -2483,   1113,    2721,  68
 -2483,   1114,    2721,  68
 -2483,   1115,    2722,  68
 -2483,   1116,    2722,  68
 -2482,   1717,    3018,  56
 -2482,   1110,    2719,  68
 -2482,   1111,    2719,  68
 -2482,   1112,    2720,  68
 -2482,   1113,    2720,  68
 -2482,   1114,    2721,  68
 -2482,   1115,    2721,  68
 -2481,   1109,    2718,  68
 -2481,   1110,    2718,  68
 -2481,   1111,    2718,  68
 -2481,   1112,    2719,  68
 -2481,   1113,    2719,  68
 -2481,   1114,    2720,  68
 -2481,   2210,    3323,  95
 -2480,   1109,    2717,  68
 -2480,   1110,    2717,  68
 -2480,   1111,    2717,  68
 -2480,   1112,    2718,  68
 -2480,   1113,    2718,  68
 -2479,   1108,    2715,  68
 -2479,   1109,    2716,  68
 -2479,   1110,    2716,  68
 -2479,   1111,    2717,  68
 -2479,   1112,    2717,  68
 -2480,   1718,    3017,  56
 -2478,   1107,    2714,  68
 -2478,   1108,    2714,  68
 -2478,   1109,    2715,  68
 -2478,   1110,    2715,  68
 -2478,   1111,    2716,  68
 -2478,   1112,    2716,  68
 -2477,   1107,    2713,  68
 -2477,   1108,    2714,  68
 -2477,   1109,    2714,  68
 -2477,   1110,    2714,  68
 -2477,   1111,    2715,  68
 -2476,   1108,    2713,  68
 -2476,   1109,    2713,  68
 -2476,   1106,    2712,  68
 -2476,   1107,    2712,  68
 -2475,   1106,    2711,  68
 -2475,   1107,    2711,  68
 -2475,   1108,    2712,  68
 -2462,   1644,    2960,  60
 -2461,   1644,    2960,  60
 -2459,   1732,    3008,  57
 -2457,   1733,    3007,  57
 -2450,   1967,    3142,  71
 -2442,   1972,    3139,  72
 -2434,   1823,    3041,  73
 -2430,   1049,    2647,  69
 -2430,   1050,    2647,  69
 -2430,   1051,    2648,  69
 -2432,   1649,    2938,  61
 -2431,   1050,    2648,  69
 -2431,   1051,    2648,  69
 -2431,   1052,    2649,  69
 -2427,   1046,    2643,  69
 -2427,   1047,    2643,  69
 -2427,   1048,    2644,  69
 -2427,   1049,    2644,  69
 -2427,   1050,    2644,  69
 -2429,   1048,    2645,  69
 -2429,   1049,    2646,  69
 -2429,   1050,    2646,  69
 -2429,   1051,    2647,  69
 -2428,   1047,    2644,  69
 -2428,   1048,    2645,  69
 -2428,   1049,    2645,  69
 -2428,   1050,    2645,  69
 -2428,   1051,    2646,  69
 -2426,   1045,    2641,  69
 -2426,   1046,    2642,  69
 -2426,   1047,    2642,  69
 -2426,   1048,    2643,  69
 -2426,   1049,    2643,  69
 -2424,   1043,    2639,  69
 -2424,   1044,    2639,  69
 -2424,   1045,    2640,  69
 -2424,   1046,    2640,  69
 -2424,   1047,    2640,  69
 -2424,   1048,    2641,  69
 -2423,   1042,    2638,  69
 -2423,   1043,    2638,  69
 -2423,   1044,    2638,  69
 -2423,   1045,    2639,  69
 -2423,   1046,    2639,  69
 -2423,   1047,    2640,  69
 -2425,   1049,    2642,  69
 -2425,   1044,    2640,  69
 -2425,   1045,    2641,  69
 -2425,   1046,    2641,  69
 -2425,   1047,    2641,  69
 -2425,   1048,    2642,  69
 -2422,   1042,    2637,  69
 -2422,   1043,    2637,  69
 -2422,   1044,    2637,  69
 -2422,   1045,    2638,  69
 -2422,   1046,    2638,  69
 -2421,   1041,    2635,  69
 -2421,   1042,    2636,  69
 -2421,   1043,    2636,  69
 -2421,   1044,    2637,  69
 -2421,   1045,    2637,  69
 -2420,   1041,    2634,  69
 -2420,   1042,    2635,  69
 -2420,   1043,    2635,  69
 -2420,   1044,    2636,  69
 -2419,   1040,    2633,  69
 -2419,   1041,    2633,  69
 -2419,   1042,    2634,  69
 -2419,   1043,    2634,  69
 -2418,   1040,    2632,  69
 -2418,   1041,    2633,  69
 -2418,   1042,    2633,  69
 -2417,   1040,    2631,  69
 -2417,   1041,    2632,  69
 -2409,   1835,    3028,  76
 -2406,   1995,    3126,  76
 -2406,   1655,    2920,  62
 -2403,   1838,    3025,  77
 -2385,   1776,    2974,  61
 -2384,   1661,    2906,  63
 -2376,   1852,    3013,  81
 -2365,   2347,    3332,  79
 -2362,   2025,    3111,  82
 -2356,   1793,    2961,  63
 -2355,   2030,    3109,  83
 -2351,   1556,    2819,  57
 -2350,   1555,    2818,  57
 -2350,   1556,    2818,  57
 -2345,   1569,    2821,  56
 -2346,   1568,    2822,  56
 -2342,   1545,    2806,  58
 -2344,   1800,    2955,  64
 -2344,   1545,    2807,  58
 -2343,   1545,    2807,  58
 -2335,   2991,    3795,  57
 -2335,   1677,    2875,  66
 -2332,   2906,    3726,  88
 -2331,   2964,    3771,  54
 -2323,   2971,    3771,  74
 -2322,   2916,    3728,  62
 -2321,   2906,    3719,  61
 -2321,   2907,    3720,  61
 -2321,   2911,    3723,  62
 -2319,   1683,    2865,  67
 -2319,   2868,    3688,  63
 -2316,   1595,    2812,  56
 -2305,   1823,    2939,  67
 -2299,   1539,    2767,  60
 -2298,   1539,    2766,  60
 -2295,   1829,    2935,  68
 -2292,   1612,    2802,  57
 -2290,   1613,    2801,  57
 -2271,   2170,    3141,  85
 -2269,   1627,    2792,  58
 -2268,   1543,    2743,  61
 -2267,   1628,    2791,  58
 -2248,   1640,    2783,  59
 -2247,   1859,    2916,  73
 -2243,   1548,    2725,  62
 -2230,   1651,    2775,  60
 -2222,   1553,    2711,  63
 -2221,   1876,    2907,  76
 -2215,   1660,    2768,  61
 -2213,   1661,    2767,  61
 -2200,   1669,    2761,  62
 -2199,   1891,    2900,  79
 -2198,   1670,    2760,  62
 -2183,   1679,    2754,  63
 -2173,   1449,    2612,  58
 -2175,   1459,    2619,  57
 -2175,   1460,    2620,  57
 -2172,   1449,    2611,  58
 -2177,   1953,    2925,  90
 -2164,   1476,    2619,  56
 -2164,   1916,    2890,  84
 -2171,   1569,    2679,  66
 -2169,   1471,    2621,  56
 -2165,   1475,    2620,  56
 -2161,   1443,    2598,  59
 -2160,   1443,    2598,  59
 -2159,   1443,    2597,  59
 -2158,   1694,    2743,  65
 -2157,   1574,    2670,  67
 -2144,   1579,    2663,  68
 -2140,   2763,    3495,  65
 -2139,   1441,    2579,  60
 -2138,   1441,    2578,  60
 -2137,   1441,    2577,  60
 -2137,   1497,    2609,  57
 -2135,   1498,    2608,  57
 -2122,   1588,    2650,  70
 -2117,   1442,    2561,  61
 -2118,   2867,    3564,  95
 -2114,   1513,    2600,  58
 -2113,   2780,    3492,  66
 -2112,   1514,    2599,  58
 -2112,   2830,    3531,  95
 -2110,   2039,    2934,  96
 -2101,   1729,    2721,  70
 -2089,   1529,    2589,  59
 -2092,   1446,    2543,  62
 -2091,   1528,    2590,  59
 -2084,   1605,    2630,  74
 -2073,   1747,    2711,  73
 -2072,   1540,    2582,  60
 -2070,   1541,    2581,  60
 -2054,   1551,    2574,  61
 -2036,   1562,    2566,  62
 -2034,   1461,    2504,  65
 -2031,   1462,    2502,  65
 -2023,   1570,    2561,  63
 -2016,   1467,    2493,  66
 -2011,   1358,    2427,  58
 -2011,   1368,    2432,  57
 -2012,   1358,    2427,  58
 -2004,   1351,    2417,  59
 -2010,   1368,    2431,  57
 -2008,   1579,    2554,  64
 -2002,   1472,    2485,  67
 -2003,   1351,    2416,  59
 -1999,   1650,    2592,  87
 -1998,   1799,    2689,  83
 -1995,   1384,    2428,  57
 -1995,   1587,    2549,  65
 -1994,   1385,    2428,  57
 -1982,   1595,    2544,  66
 -1978,   1814,    2684,  86
 -1972,   2144,    2913,  74
 -1967,   1348,    2385,  61
 -1966,   1406,    2417,  58
 -1966,   1348,    2384,  61
 -1956,   2637,    3283,  94
 -1931,   2570,    3215,  51
 -1930,   2735,    3347,  67
 -1922,   1859,    2674,  96
 -1920,   1507,    2441,  75
 -1920,   2702,    3315,  72
 -1923,   1435,    2399,  60
 -1918,   2589,    3222,  65
 -1918,   2640,    3263,  68
 -1907,   1359,    2342,  64
 -1904,   1447,    2391,  61
 -1919,   1635,    2521,  72
 -1908,   1871,    2672,  99
 -1898,   1518,    2430,  78
 -1872,   1467,    2378,  63
 -1871,   1370,    2319,  66
 -1869,   1669,    2506,  78
 -1862,   1674,    2504,  79
 -1859,   1272,    2253,  58
 -1855,   1679,    2502,  80
 -1855,   1264,    2245,  59
 -1846,   2330,    2973,  53
 -1843,   1485,    2367,  65
 -1843,   1380,    2302,  68
 -1835,   1298,    2248,  58
 -1833,   1299,    2247,  58
 -1832,   1300,    2246,  58
 -1827,   2399,    3015,  72
 -1808,   1318,    2237,  59
 -1808,   1260,    2204,  62
 -1808,   2362,    2975,  54
 -1806,   1319,    2236,  59
 -1783,   1335,    2227,  60
 -1768,   1268,    2176,  64
 -1765,   1535,    2339,  72
 -1763,   1348,    2219,  61
 -1760,   1781,    2504,  95
 -1750,   1422,    2255,  78
 -1746,   1359,    2213,  62
 -1739,   2575,    3107,  60
 -1738,   2589,    3118,  83
 -1719,   1283,    2145,  67
 -1714,   1182,    2082,  59
 -1714,   1189,    2086,  58
 -1713,   1191,    2086,  58
 -1712,   1191,    2086,  58
 -1711,   1192,    2085,  58
 -1710,   1193,    2085,  58
 -1701,   1449,    2235,  86
 -1695,   1174,    2062,  61
 -1694,   1174,    2061,  61
 -1693,   1174,    2060,  61
 -1686,   1397,    2190,  66
 -1681,   1218,    2076,  59
 -1657,   1177,    2032,  63
 -1657,   1613,    2312,  87
 -1655,   1237,    2066,  60
 -1638,   1181,    2019,  64
 -1631,   1921,    2520,  74
 -1633,   1252,    2058,  61
 -1613,   1265,    2050,  62
 -1594,   2418,    2896,  59
 -1594,   1458,    2160,  75
 -1588,   2453,    2922,  64
 -1579,   1287,    2037,  64
 -1571,   2418,    2884,  65
 -1566,   1740,    2341,  66
 -1566,   1094,    1910,  61
 -1566,   1117,    1924,  59
 -1565,   1296,    2032,  65
 -1565,   1094,    1909,  61
 -1565,   1118,    1923,  59
 -1564,   1094,    1909,  61
 -1563,   2415,    2877,  79
 -1555,   1486,    2151,  80
 -1551,   1210,    1967,  70
 -1543,   1495,    2148,  82
 -1537,   1141,    1914,  60
 -1534,   1143,    1913,  60
 -1534,   1095,    1885,  63
 -1516,   1328,    2015,  69
 -1512,   1519,    2143,  87
 -1512,   1159,    1905,  61
 -1495,   1342,    2009,  71
 -1490,   1174,    1897,  62
 -1471,   1248,    1929,  79
 -1469,   2118,    2578,  69
 -1455,   1197,    1884,  64
 -1448,   1023,    1773,  60
 -1445,   2280,    2699,  89
 -1438,   1208,    1878,  65
 -1429,   1045,    1770,  60
 -1428,   1046,    1770,  60
 -1427,   1047,    1770,  60
 -1427,   1127,    1818,  70
 -1426,   1216,    1874,  66
 -1423,   2310,    2713,  60
 -1420,   1395,    1991,  80
 -1417,   1017,    1744,  63
 -1416,   1017,    1743,  63
 -1412,   2374,    2762,  78
 -1409,   2377,    2763,  67
 -1400,   1068,    1761,  61
 -1397,   1070,    1760,  61
 -1395,   1141,    1802,  73
 -1388,   1241,    1862,  69
 -1383,   1023,    1720,  65
 -1373,   1087,    1751,  62
 -1365,   1028,    1709,  66
 -1354,   1100,    1745,  63
 -1352,   1032,    1701,  67
 -1336,   1112,    1738,  64
 -1332,   2055,    2449,  72
 -1327,   1283,    1846,  75
 -1324,   1042,    1685,  69
 -1319,   1477,    1980,  97
 -1318,   2048,    2435,  63
 -1309,   1048,    1677,  70
 -1306,   1132,    1728,  66
 -1291,   1142,    1724,  67
 -1283,   1547,    2010,  63
 -1279,   1150,    1720,  68
 -1268,   1000,    1615,  62
 -1270,   1564,    2015,  65
 -1266,   2194,    2533,  79
 -1250,   1075,    1649,  76
 -1245,   1016,    1607,  63
 -1195,   1105,    1628,  84
 -1192,   1052,    1590,  66
 -1190,   1212,    1699,  77
 -1190,   1419,    1852,  89
 -1177,   1062,    1585,  67
 -1176,   2030,    2346,  92
 -1152,   1079,    1578,  69
 -1143,   2085,    2378,  67
 -1140,   2042,    2339,  98
 -1112,   2183,    2450,  67
 -1113,   1485,    1856,  70
 -1101,   2158,    2423,  97
 -1042,   1004,    1447,  69
 -1038,   1181,    1572,  90
 -1009,   1027,    1440,  72
 -1005,   1915,    2163,  65
 -1001,   1403,    1723,  85
